traj: 
  name: xxx
  override_vel: 0.401044
  time: 6.66485
  n_points: 30
  joint:
    names: [ shoulder_pan_joint, shoulder_lift_joint, elbow_joint, wrist_1_joint, wrist_2_joint, wrist_3_joint ]
    point0: [-1.12682, -0.746466, 0, 1.6001, -0.0379366, -0.775128, 1.15969]
    point1: [-0.986213, -0.693139, -0.0702416, 1.61714, -0.0200493, -0.705682, 1.05519]
    point2: [-0.845605, -0.639446, -0.140677, 1.63367, -0.00235534, -0.634766, 0.950772]
    point3: [-0.704928, -0.586863, -0.211711, 1.65019, 0.0160449, -0.564266, 0.845718]
    point4: [-0.564204, -0.535107, -0.283307, 1.66652, 0.0349527, -0.493746, 0.740182]
    point5: [-0.423458, -0.483905, -0.35539, 1.68258, 0.0541729, -0.422911, 0.63431]
    point6: [-0.28271, -0.432998, -0.427863, 1.69831, 0.073522, -0.351557, 0.528237]
    point7: [-0.141981, -0.382142, -0.500614, 1.71369, 0.0928309, -0.279543, 0.422088]
    point8: [-0.00128369, -0.331115, -0.573529, 1.72871, 0.111945, -0.206772, 0.315978]
    point9: [0.139369, -0.279714, -0.646493, 1.74341, 0.130727, -0.133182, 0.210012]
    point10: [0.279968, -0.227761, -0.719388, 1.75783, 0.149052, -0.0587396, 0.104287]
    point11: [0.420506, -0.175099, -0.792104, 1.77201, 0.166817, 0.0165647, -0.00110549]
    point12: [0.560979, -0.121593, -0.864534, 1.78601, 0.183936, 0.0927191, -0.106085]
    point13: [0.701383, -0.067128, -0.936583, 1.79989, 0.200343, 0.169694, -0.210575]
    point14: [0.841717, -0.0116107, -1.00816, 1.81371, 0.21599, 0.247446, -0.314511]
    point15: [0.981983, 0.0450331, -1.0792, 1.82752, 0.230851, 0.325919, -0.417833]
    point16: [1.12218, 0.10286, -1.14961, 1.84139, 0.244917, 0.405046, -0.520492]
    point17: [1.26232, 0.161907, -1.21934, 1.85535, 0.258196, 0.484747, -0.622449]
    point18: [1.4024, 0.222198, -1.28833, 1.86946, 0.270717, 0.564938, -0.723674]
    point19: [1.54244, 0.283734, -1.35654, 1.88375, 0.282525, 0.64552, -0.824148]
    point20: [1.68242, 0.346499, -1.42393, 1.89823, 0.293682, 0.726389, -0.923863]
    point21: [1.82238, 0.410455, -1.49048, 1.91292, 0.304268, 0.807425, -1.02283]
    point22: [1.96231, 0.475545, -1.5562, 1.92781, 0.314385, 0.8885, -1.12106]
    point23: [2.10223, 0.541686, -1.62111, 1.94288, 0.324155, 0.969474, -1.21861]
    point24: [2.24217, 0.608762, -1.68529, 1.95808, 0.333731, 1.05019, -1.31556]
    point25: [2.38212, 0.676614, -1.74884, 1.9734, 0.343306, 1.13048, -1.41203]
    point26: [2.52213, 0.745019, -1.81198, 1.9888, 0.353124, 1.21015, -1.50821]
    point27: [2.66222, 0.813629, -1.87498, 2.00425, 0.363475, 1.28901, -1.60436]
    point28: [2.80242, 0.881831, -1.93829, 2.01975, 0.374669, 1.36693, -1.70091]
    point29: [2.94274, 0.953107, -2, 2.03555, 0.385849, 1.44407, -1.79606] 
  point_time:
    point0: 0
    point1: 0.4306508613
    point2: 0.6677153853
    point3: 0.874055166
    point4: 1.0804631237
    point5: 1.2869045441
    point6: 1.4933471265
    point7: 1.6997636643
    point8: 1.906132367
    point9: 2.1124358923
    point10: 2.3186608028
    point11: 2.5247968103
    point12: 2.7308364793
    point13: 2.9367754261
    point14: 3.1426122371
    point15: 3.348348453
    point16: 3.5539882581
    point17: 3.7595378338
    point18: 3.9650046778
    point19: 4.1703974776
    point20: 4.3757269227
    point21: 4.5810068571
    point22: 4.7862543487
    point23: 4.9914893653
    point24: 5.1967349917
    point25: 5.4020186738
    point26: 5.6073749888
    point27: 5.8128511186
    point28: 6.0600557694
    point29: 6.6648397857

 
