euroc_traj: 
  override: 0.401044
  time: 6.50284
  number_of_positions: 30
  joint_positions:
    - [-1.12681949, -0.746465921, 0, 1.60009634, -0.0379366353, -0.775128007, 1.15969443]
    - [-0.986212611, -0.693139136, -0.0702416226, 1.61714423, -0.0200493168, -0.705682039, 1.0551939]
    - [-0.845605195, -0.639445901, -0.140677467, 1.63367355, -0.00235534436, -0.63476634, 0.950772345]
    - [-0.704927921, -0.586862922, -0.211710811, 1.65018606, 0.0160448551, -0.564265966, 0.845718205]
    - [-0.564204156, -0.535106838, -0.283306509, 1.66652131, 0.0349526964, -0.493745893, 0.740182102]
    - [-0.423457623, -0.483904868, -0.35539031, 1.68258131, 0.0541729406, -0.422910571, 0.634310067]
    - [-0.282710254, -0.432997674, -0.427862614, 1.69831145, 0.0735219792, -0.351556838, 0.528237283]
    - [-0.141980663, -0.382142246, -0.50061363, 1.71368837, 0.0928308666, -0.279542983, 0.422088236]
    - [-0.00128368812, -0.331115097, -0.573529243, 1.72871482, 0.111945406, -0.206772089, 0.315977812]
    - [0.139368862, -0.279714465, -0.646492779, 1.74341488, 0.130726665, -0.133182183, 0.210011736]
    - [0.279967815, -0.227761373, -0.719388247, 1.75782883, 0.149052054, -0.0587396324, 0.104287378]
    - [0.42050615, -0.175099194, -0.792103708, 1.77200758, 0.166816965, 0.0165647268, -0.00110549107]
    - [0.56097877, -0.121592797, -0.86453408, 1.786008, 0.183935881, 0.0927190632, -0.106084548]
    - [0.701382756, -0.0671279654, -0.936583102, 1.79988825, 0.200342581, 0.169694155, -0.210575119]
    - [0.841717124, -0.0116107147, -1.00816369, 1.81370699, 0.21599029, 0.247446403, -0.314510524]
    - [0.981982887, 0.045033142, -1.07919705, 1.82752097, 0.230851397, 0.32591942, -0.417832494]
    - [1.12218297, 0.102859512, -1.14961147, 1.84138513, 0.244916826, 0.405045688, -0.520491898]
    - [1.26232147, 0.161907256, -1.21934283, 1.8553499, 0.258196115, 0.48474744, -0.62244904]
    - [1.40240359, 0.222197965, -1.28833473, 1.86945891, 0.270716995, 0.56493783, -0.723674178]
    - [1.54243517, 0.283734143, -1.35654104, 1.88374567, 0.282524765, 0.645520389, -0.82414788]
    - [1.68242359, 0.346498758, -1.42392778, 1.89823163, 0.293681711, 0.726388574, -0.923862815]
    - [1.82237828, 0.410454869, -1.49047804, 1.91292405, 0.30426836, 0.807424724, -1.02282584]
    - [1.96231091, 0.475544691, -1.5561955, 1.92781365, 0.314384967, 0.888500214, -1.12106073]
    - [2.10223508, 0.541685641, -1.62110925, 1.94287777, 0.324154854, 0.969474077, -1.21861398]
    - [2.24216628, 0.608762145, -1.68528569, 1.95808434, 0.333731025, 1.05019116, -1.31556368]
    - [2.38212347, 0.676614165, -1.74884415, 1.97340012, 0.343305945, 1.1304791, -1.4120326]
    - [2.52213025, 0.745018601, -1.81197894, 1.98879743, 0.353123665, 1.2101469, -1.50820601]
    - [2.66221881, 0.813628793, -1.87497962, 2.00425386, 0.363474548, 1.28900504, -1.6043607]
    - [2.80241704, 0.881830812, -1.93828905, 2.01975107, 0.374668598, 1.36693275, -1.70091057]
    - [2.94274354, 0.953107178, -2, 2.03555226, 0.385848999, 1.44407225, -1.79605651]
  inverted_positions:
    - [2.94274354, 0.953107178, -2, 2.03555226, 0.385848999, 1.44407225, -1.79605651]
    - [2.80241704, 0.881830812, -1.93828905, 2.01975107, 0.374668598, 1.36693275, -1.70091057]
    - [2.66221881, 0.813628793, -1.87497962, 2.00425386, 0.363474548, 1.28900504, -1.6043607]
    - [2.52213025, 0.745018601, -1.81197894, 1.98879743, 0.353123665, 1.2101469, -1.50820601]
    - [2.38212347, 0.676614165, -1.74884415, 1.97340012, 0.343305945, 1.1304791, -1.4120326]
    - [2.24216628, 0.608762145, -1.68528569, 1.95808434, 0.333731025, 1.05019116, -1.31556368]
    - [2.10223508, 0.541685641, -1.62110925, 1.94287777, 0.324154854, 0.969474077, -1.21861398]
    - [1.96231091, 0.475544691, -1.5561955, 1.92781365, 0.314384967, 0.888500214, -1.12106073]
    - [1.82237828, 0.410454869, -1.49047804, 1.91292405, 0.30426836, 0.807424724, -1.02282584]
    - [1.68242359, 0.346498758, -1.42392778, 1.89823163, 0.293681711, 0.726388574, -0.923862815]
    - [1.54243517, 0.283734143, -1.35654104, 1.88374567, 0.282524765, 0.645520389, -0.82414788]
    - [1.40240359, 0.222197965, -1.28833473, 1.86945891, 0.270716995, 0.56493783, -0.723674178]
    - [1.26232147, 0.161907256, -1.21934283, 1.8553499, 0.258196115, 0.48474744, -0.62244904]
    - [1.12218297, 0.102859512, -1.14961147, 1.84138513, 0.244916826, 0.405045688, -0.520491898]
    - [0.981982887, 0.045033142, -1.07919705, 1.82752097, 0.230851397, 0.32591942, -0.417832494]
    - [0.841717124, -0.0116107147, -1.00816369, 1.81370699, 0.21599029, 0.247446403, -0.314510524]
    - [0.701382756, -0.0671279654, -0.936583102, 1.79988825, 0.200342581, 0.169694155, -0.210575119]
    - [0.56097877, -0.121592797, -0.86453408, 1.786008, 0.183935881, 0.0927190632, -0.106084548]
    - [0.42050615, -0.175099194, -0.792103708, 1.77200758, 0.166816965, 0.0165647268, -0.00110549107]
    - [0.279967815, -0.227761373, -0.719388247, 1.75782883, 0.149052054, -0.0587396324, 0.104287378]
    - [0.139368862, -0.279714465, -0.646492779, 1.74341488, 0.130726665, -0.133182183, 0.210011736]
    - [-0.00128368812, -0.331115097, -0.573529243, 1.72871482, 0.111945406, -0.206772089, 0.315977812]
    - [-0.141980663, -0.382142246, -0.50061363, 1.71368837, 0.0928308666, -0.279542983, 0.422088236]
    - [-0.282710254, -0.432997674, -0.427862614, 1.69831145, 0.0735219792, -0.351556838, 0.528237283]
    - [-0.423457623, -0.483904868, -0.35539031, 1.68258131, 0.0541729406, -0.422910571, 0.634310067]
    - [-0.564204156, -0.535106838, -0.283306509, 1.66652131, 0.0349526964, -0.493745893, 0.740182102]
    - [-0.704927921, -0.586862922, -0.211710811, 1.65018606, 0.0160448551, -0.564265966, 0.845718205]
    - [-0.845605195, -0.639445901, -0.140677467, 1.63367355, -0.00235534436, -0.63476634, 0.950772345]
    - [-0.986212611, -0.693139136, -0.0702416226, 1.61714423, -0.0200493168, -0.705682039, 1.0551939]
    - [-1.12681949, -0.746465921, 0, 1.60009634, -0.0379366353, -0.775128007, 1.15969443]
  number_of_positions: 30
  positions_cart:
    - [-0.536424807, -0.226929709, 0.0552121037]
    - [-0.544386623, -0.281255443, 0.0853049422]
    - [-0.545832482, -0.338961496, 0.120832947]
    - [-0.53882751, -0.397657609, 0.160271252]
    - [-0.523375175, -0.455609186, 0.203356681]
    - [-0.499795042, -0.511038872, 0.249746907]
    - [-0.468775184, -0.562214341, 0.298984952]
    - [-0.431394481, -0.607555538, 0.350477699]
    - [-0.389102283, -0.645754857, 0.403483261]
    - [-0.343653216, -0.675898748, 0.45711117]
    - [-0.296998175, -0.697571561, 0.510336319]
    - [-0.251136343, -0.710924545, 0.562026652]
    - [-0.207940621, -0.716694059, 0.610981987]
    - [-0.168975076, -0.71615842, 0.655980075]
    - [-0.135327616, -0.711030943, 0.695826915]
    - [-0.107480292, -0.703296015, 0.729408028]
    - [-0.0852388406, -0.695002878, 0.755738792]
    - [-0.0677362973, -0.688039803, 0.774010601]
    - [-0.0535137228, -0.683915796, 0.783629767]
    - [-0.0406728033, -0.683576934, 0.78424596]
    - [-0.0270858027, -0.687281417, 0.775768653]
    - [-0.0106400538, -0.694551365, 0.758370814]
    - [0.0105123853, -0.704209397, 0.732478974]
    - [0.0377311374, -0.714496496, 0.698749421]
    - [0.0717131057, -0.72325769, 0.658033728]
    - [0.11238687, -0.728174027, 0.611336971]
    - [0.158884578, -0.727015081, 0.559776532]
    - [0.209590838, -0.717884737, 0.504580203]
    - [0.262223912, -0.69946566, 0.447147388]
    - [0.31510056, -0.670785477, 0.387641059]
  dist_cart:
    - 0.0626119493
    - 0.0677813891
    - 0.0710611179
    - 0.0738479078
    - 0.0760297853
    - 0.0774954321
    - 0.0781321992
    - 0.0778293662
    - 0.0764867687
    - 0.0740224496
    - 0.0703811377
    - 0.065542228
    - 0.0595266893
    - 0.0524042981
    - 0.0443056833
    - 0.0354509211
    - 0.0262427641
    - 0.0176583561
    - 0.0128601589
    - 0.0164376049
    - 0.0250199775
    - 0.0348007232
    - 0.044546239
    - 0.0537522064
    - 0.0621217728
    - 0.069439601
    - 0.0755057838
    - 0.0800501678
    - 0.0846137867
