euroc_traj: 
  override: 0.433563
  time: 6.20127
  number_of_positions: 30
  joint_positions:
    - [-1.12681949, -0.746465921, 0, 1.60009634, -0.0379366353, -0.775128007, 1.15969443]
    - [-1.05783403, -0.71894002, -0.0303680636, 1.61793172, -0.0313112028, -0.736228704, 1.10768628]
    - [-0.988919437, -0.691098094, -0.0610469319, 1.63446844, -0.0247833673, -0.697349012, 1.05576169]
    - [-0.91996032, -0.663830638, -0.0912905112, 1.65264082, -0.0181725919, -0.658352792, 1.00371397]
    - [-0.850976706, -0.637017846, -0.121232048, 1.67195737, -0.0115128523, -0.619253337, 0.951581359]
    - [-0.781981587, -0.610566556, -0.150976285, 1.69204271, -0.00482880417, -0.580062449, 0.899395168]
    - [-0.712984145, -0.584401429, -0.180606663, 1.71259761, 0.00186084502, -0.540790975, 0.84718138]
    - [-0.643990874, -0.558458567, -0.210190877, 1.73337734, 0.00854150672, -0.501449287, 0.794961631]
    - [-0.575006604, -0.532682717, -0.239784524, 1.75417852, 0.0152016087, -0.462047666, 0.742754221]
    - [-0.506035149, -0.507025361, -0.269433111, 1.77482986, 0.0218320303, -0.422596067, 0.690574288]
    - [-0.437079161, -0.481444001, -0.299173445, 1.79518676, 0.0284256805, -0.383104503, 0.638434529]
    - [-0.368140906, -0.455901563, -0.329035223, 1.8151269, 0.0349771604, -0.343582869, 0.586345434]
    - [-0.299221933, -0.430365086, -0.359042048, 1.83454716, 0.0414825194, -0.304041028, 0.534315348]
    - [-0.230323508, -0.404805243, -0.389212728, 1.85336173, 0.0479390249, -0.264488518, 0.482350945]
    - [0.320084006, -0.19668974, -0.637553513, 1.97608459, 0.0977720693, 0.051282499, 0.0693672821]
    - [0.869201422, 0.0242637452, -0.897896349, 2.04573941, 0.144856334, 0.363448203, -0.339036554]
    - [1.41715562, 0.264662474, -1.16671479, 2.07186484, 0.190210879, 0.670073748, -0.744649649]
    - [2.10038257, 0.601204157, -1.50996184, 2.06509376, 0.246002451, 1.04595101, -1.25160849]
    - [2.1686039, 0.63739115, -1.54488373, 2.06282759, 0.251596898, 1.08321416, -1.30246246]
    - [2.23680949, 0.674060404, -1.58000791, 2.06035686, 0.257202029, 1.12044168, -1.3533597]
    - [2.30500054, 0.711211145, -1.61537719, 2.05770779, 0.262819916, 1.15764129, -1.40430284]
    - [2.37317824, 0.748838842, -1.65104234, 2.05491161, 0.268452644, 1.194821, -1.45529366]
    - [2.44134474, 0.786930263, -1.68705988, 2.05200672, 0.274102449, 1.23198962, -1.50633383]
    - [2.50950265, 0.825453818, -1.72348189, 2.04904222, 0.279771417, 1.26915693, -1.55742335]
    - [2.57765675, 0.864346445, -1.76034069, 2.04608703, 0.285461575, 1.30633545, -1.60856128]
    - [2.64581466, 0.903496861, -1.79763055, 2.04324245, 0.291174978, 1.34354126, -1.6597445]
    - [2.71398735, 0.942719102, -1.83528185, 2.04066753, 0.296913743, 1.38079727, -1.71096849]
    - [2.78219008, 0.981712282, -1.8731215, 2.03862262, 0.302680701, 1.41813684, -1.7622273]
    - [2.85044336, 1.01998889, -1.91081381, 2.03754783, 0.308480322, 1.45561099, -1.81351185]
    - [2.91864848, 1.06016457, -1.95000005, 2.03452635, 0.314255625, 1.49289405, -1.86483252]
  joint_inverted_positions:
    - [2.91864848, 1.06016457, -1.95000005, 2.03452635, 0.314255625, 1.49289405, -1.86483252]
    - [2.85044336, 1.01998889, -1.91081381, 2.03754783, 0.308480322, 1.45561099, -1.81351185]
    - [2.78219008, 0.981712282, -1.8731215, 2.03862262, 0.302680701, 1.41813684, -1.7622273]
    - [2.71398735, 0.942719102, -1.83528185, 2.04066753, 0.296913743, 1.38079727, -1.71096849]
    - [2.64581466, 0.903496861, -1.79763055, 2.04324245, 0.291174978, 1.34354126, -1.6597445]
    - [2.57765675, 0.864346445, -1.76034069, 2.04608703, 0.285461575, 1.30633545, -1.60856128]
    - [2.50950265, 0.825453818, -1.72348189, 2.04904222, 0.279771417, 1.26915693, -1.55742335]
    - [2.44134474, 0.786930263, -1.68705988, 2.05200672, 0.274102449, 1.23198962, -1.50633383]
    - [2.37317824, 0.748838842, -1.65104234, 2.05491161, 0.268452644, 1.194821, -1.45529366]
    - [2.30500054, 0.711211145, -1.61537719, 2.05770779, 0.262819916, 1.15764129, -1.40430284]
    - [2.23680949, 0.674060404, -1.58000791, 2.06035686, 0.257202029, 1.12044168, -1.3533597]
    - [2.1686039, 0.63739115, -1.54488373, 2.06282759, 0.251596898, 1.08321416, -1.30246246]
    - [2.10038257, 0.601204157, -1.50996184, 2.06509376, 0.246002451, 1.04595101, -1.25160849]
    - [1.41715562, 0.264662474, -1.16671479, 2.07186484, 0.190210879, 0.670073748, -0.744649649]
    - [0.869201422, 0.0242637452, -0.897896349, 2.04573941, 0.144856334, 0.363448203, -0.339036554]
    - [0.320084006, -0.19668974, -0.637553513, 1.97608459, 0.0977720693, 0.051282499, 0.0693672821]
    - [-0.230323508, -0.404805243, -0.389212728, 1.85336173, 0.0479390249, -0.264488518, 0.482350945]
    - [-0.299221933, -0.430365086, -0.359042048, 1.83454716, 0.0414825194, -0.304041028, 0.534315348]
    - [-0.368140906, -0.455901563, -0.329035223, 1.8151269, 0.0349771604, -0.343582869, 0.586345434]
    - [-0.437079161, -0.481444001, -0.299173445, 1.79518676, 0.0284256805, -0.383104503, 0.638434529]
    - [-0.506035149, -0.507025361, -0.269433111, 1.77482986, 0.0218320303, -0.422596067, 0.690574288]
    - [-0.575006604, -0.532682717, -0.239784524, 1.75417852, 0.0152016087, -0.462047666, 0.742754221]
    - [-0.643990874, -0.558458567, -0.210190877, 1.73337734, 0.00854150672, -0.501449287, 0.794961631]
    - [-0.712984145, -0.584401429, -0.180606663, 1.71259761, 0.00186084502, -0.540790975, 0.84718138]
    - [-0.781981587, -0.610566556, -0.150976285, 1.69204271, -0.00482880417, -0.580062449, 0.899395168]
    - [-0.850976706, -0.637017846, -0.121232048, 1.67195737, -0.0115128523, -0.619253337, 0.951581359]
    - [-0.91996032, -0.663830638, -0.0912905112, 1.65264082, -0.0181725919, -0.658352792, 1.00371397]
    - [-0.988919437, -0.691098094, -0.0610469319, 1.63446844, -0.0247833673, -0.697349012, 1.05576169]
    - [-1.05783403, -0.71894002, -0.0303680636, 1.61793172, -0.0313112028, -0.736228704, 1.10768628]
    - [-1.12681949, -0.746465921, 0, 1.60009634, -0.0379366353, -0.775128007, 1.15969443]
  cart_positions:
    - [-0.536424807, -0.226929709, 0.0552121037]
    - [-0.5369506, -0.25329393, 0.0672112766]
    - [-0.536773583, -0.280404757, 0.0807747265]
    - [-0.533811418, -0.307614491, 0.0943426426]
    - [-0.528396671, -0.334726936, 0.108025726]
    - [-0.520784627, -0.361579746, 0.121918187]
    - [-0.511179855, -0.388036085, 0.136102719]
    - [-0.49975164, -0.413977109, 0.15065277]
    - [-0.486643837, -0.439296076, 0.16563331]
    - [-0.471981797, -0.46389393, 0.181100614]
    - [-0.45587778, -0.48767589, 0.197101656]
    - [-0.438435832, -0.510548747, 0.213673526]
    - [-0.419756317, -0.532419322, 0.230843148]
    - [-0.399939869, -0.553193834, 0.248626854]
    - [-0.214870733, -0.669419213, 0.411235355]
    - [-0.0407753007, -0.684620953, 0.585450364]
    - [0.0513675177, -0.650143812, 0.70739723]
    - [0.106753372, -0.669335265, 0.685418493]
    - [0.116423859, -0.67546064, 0.670183968]
    - [0.127618753, -0.681586065, 0.652587638]
    - [0.140416577, -0.687407552, 0.632681854]
    - [0.154844416, -0.692601119, 0.610534828]
    - [0.17087602, -0.696828806, 0.586233982]
    - [0.188433903, -0.699742744, 0.55989552]
    - [0.20739367, -0.700988684, 0.531678028]
    - [0.227589687, -0.700209804, 0.501799336]
    - [0.248825304, -0.697048588, 0.470559325]
    - [0.270890056, -0.691144036, 0.438371865]
    - [0.293587972, -0.682116351, 0.40581254]
    - [0.315424147, -0.671456624, 0.371822926]
  cart_dist:
    - 0.0289711724
    - 0.0303149278
    - 0.0305488675
    - 0.0308485131
    - 0.031177191
    - 0.0315180852
    - 0.0318629149
    - 0.0322068347
    - 0.0325463786
    - 0.0328778572
    - 0.0331966502
    - 0.0334968935
    - 0.0337717542
    - 0.272397601
    - 0.246761381
    - 0.156684425
    - 0.0626016706
    - 0.0190559596
    - 0.0217365416
    - 0.0243703624
    - 0.0269374445
    - 0.0294179744
    - 0.0317881268
    - 0.0340184163
    - 0.0360724446
    - 0.0379062311
    - 0.0394683337
    - 0.0407038768
    - 0.0417820776
