euroc_traj: 
  override: 0.433556
  time: 6.19396
  number_of_positions: 30
  joint_positions:
    - [-1.12681949, -0.746465921, 0, 1.60009634, -0.0379366353, -0.775128007, 1.15969443]
    - [-1.0577594, -0.720560372, -0.0307556912, 1.62009919, -0.0309896041, -0.736701369, 1.10932708]
    - [-0.988806427, -0.693949163, -0.0620720647, 1.63820362, -0.0241653845, -0.698227406, 1.0588237]
    - [-0.919825733, -0.667958021, -0.0933254957, 1.65792143, -0.0171902739, -0.659701765, 1.00843239]
    - [-0.850842237, -0.642377198, -0.124634199, 1.67863214, -0.0101101175, -0.621114314, 0.958108902]
    - [-0.781870961, -0.617059469, -0.156063914, 1.69988441, -0.00295933709, -0.582458913, 0.90782243]
    - [-0.712921023, -0.591894627, -0.187650532, 1.7213366, 0.00423507066, -0.543732047, 0.85755074]
    - [-0.643997788, -0.566797912, -0.219412878, 1.7427237, 0.0114514139, -0.504932284, 0.807277262]
    - [-0.575104177, -0.541703224, -0.251359046, 1.76383781, 0.0186718367, -0.466059685, 0.756989419]
    - [-0.50624162, -0.516558826, -0.283489496, 1.78451455, 0.0258813631, -0.427115649, 0.706677198]
    - [-0.437410504, -0.491324008, -0.315799266, 1.80462384, 0.0330673419, -0.388102531, 0.656332612]
    - [-0.368610591, -0.465966374, -0.348279178, 1.82406414, 0.0402190648, -0.349023551, 0.605949283]
    - [-0.299841136, -0.440459907, -0.380916625, 1.84275687, 0.0473274887, -0.30988273, 0.555521965]
    - [-0.231101051, -0.414783329, -0.413696498, 1.86064291, 0.0543849878, -0.270684779, 0.505046368]
    - [0.317974538, -0.201593876, -0.678887308, 1.97191489, 0.108415037, 0.0442242585, 0.0991569906]
    - [0.866237104, 0.0278816763, -0.943146646, 2.0303247, 0.157205373, 0.358959705, -0.310939491]
    - [1.41413558, 0.274816632, -1.20149755, 2.05060768, 0.200702325, 0.670068979, -0.724933505]
    - [2.09811354, 0.610458434, -1.52033257, 2.04597688, 0.250338495, 1.04978144, -1.24511337]
    - [2.16644955, 0.645886064, -1.55286312, 2.04454851, 0.25526005, 1.08709562, -1.29708469]
    - [2.2347784, 0.681699157, -1.58572507, 2.04304433, 0.260215163, 1.124295, -1.3490175]
    - [2.30310297, 0.717917442, -1.6190027, 2.04149747, 0.265216321, 1.16138566, -1.40090394]
    - [2.37142706, 0.75456351, -1.65279353, 2.03994703, 0.270276546, 1.19837594, -1.4527365]
    - [2.43975496, 0.791656315, -1.68720555, 2.03844047, 0.275409281, 1.23527658, -1.50450814]
    - [2.50809216, 0.829199195, -1.72234368, 2.03703308, 0.280627906, 1.27210176, -1.55621195]
    - [2.57644582, 0.867166221, -1.75829029, 2.03579283, 0.285945088, 1.30887163, -1.60784245]
    - [2.64482307, 0.905482233, -1.79508233, 2.03480721, 0.291372329, 1.34561479, -1.6593951]
    - [2.71323061, 0.943994522, -1.83267534, 2.03420067, 0.296918839, 1.38237309, -1.71086776]
    - [2.78167367, 0.982427835, -1.87088966, 2.03416395, 0.302589446, 1.41920722, -1.76226127]
    - [2.85015392, 1.02031052, -1.90931642, 2.0350132, 0.308380604, 1.45620811, -1.81358194]
    - [2.91864848, 1.06016457, -1.95000005, 2.03452635, 0.314255625, 1.49289405, -1.86483252]
  joint_inverted_positions:
    - [2.91864848, 1.06016457, -1.95000005, 2.03452635, 0.314255625, 1.49289405, -1.86483252]
    - [2.85015392, 1.02031052, -1.90931642, 2.0350132, 0.308380604, 1.45620811, -1.81358194]
    - [2.78167367, 0.982427835, -1.87088966, 2.03416395, 0.302589446, 1.41920722, -1.76226127]
    - [2.71323061, 0.943994522, -1.83267534, 2.03420067, 0.296918839, 1.38237309, -1.71086776]
    - [2.64482307, 0.905482233, -1.79508233, 2.03480721, 0.291372329, 1.34561479, -1.6593951]
    - [2.57644582, 0.867166221, -1.75829029, 2.03579283, 0.285945088, 1.30887163, -1.60784245]
    - [2.50809216, 0.829199195, -1.72234368, 2.03703308, 0.280627906, 1.27210176, -1.55621195]
    - [2.43975496, 0.791656315, -1.68720555, 2.03844047, 0.275409281, 1.23527658, -1.50450814]
    - [2.37142706, 0.75456351, -1.65279353, 2.03994703, 0.270276546, 1.19837594, -1.4527365]
    - [2.30310297, 0.717917442, -1.6190027, 2.04149747, 0.265216321, 1.16138566, -1.40090394]
    - [2.2347784, 0.681699157, -1.58572507, 2.04304433, 0.260215163, 1.124295, -1.3490175]
    - [2.16644955, 0.645886064, -1.55286312, 2.04454851, 0.25526005, 1.08709562, -1.29708469]
    - [2.09811354, 0.610458434, -1.52033257, 2.04597688, 0.250338495, 1.04978144, -1.24511337]
    - [1.41413558, 0.274816632, -1.20149755, 2.05060768, 0.200702325, 0.670068979, -0.724933505]
    - [0.866237104, 0.0278816763, -0.943146646, 2.0303247, 0.157205373, 0.358959705, -0.310939491]
    - [0.317974538, -0.201593876, -0.678887308, 1.97191489, 0.108415037, 0.0442242585, 0.0991569906]
    - [-0.231101051, -0.414783329, -0.413696498, 1.86064291, 0.0543849878, -0.270684779, 0.505046368]
    - [-0.299841136, -0.440459907, -0.380916625, 1.84275687, 0.0473274887, -0.30988273, 0.555521965]
    - [-0.368610591, -0.465966374, -0.348279178, 1.82406414, 0.0402190648, -0.349023551, 0.605949283]
    - [-0.437410504, -0.491324008, -0.315799266, 1.80462384, 0.0330673419, -0.388102531, 0.656332612]
    - [-0.50624162, -0.516558826, -0.283489496, 1.78451455, 0.0258813631, -0.427115649, 0.706677198]
    - [-0.575104177, -0.541703224, -0.251359046, 1.76383781, 0.0186718367, -0.466059685, 0.756989419]
    - [-0.643997788, -0.566797912, -0.219412878, 1.7427237, 0.0114514139, -0.504932284, 0.807277262]
    - [-0.712921023, -0.591894627, -0.187650532, 1.7213366, 0.00423507066, -0.543732047, 0.85755074]
    - [-0.781870961, -0.617059469, -0.156063914, 1.69988441, -0.00295933709, -0.582458913, 0.90782243]
    - [-0.850842237, -0.642377198, -0.124634199, 1.67863214, -0.0101101175, -0.621114314, 0.958108902]
    - [-0.919825733, -0.667958021, -0.0933254957, 1.65792143, -0.0171902739, -0.659701765, 1.00843239]
    - [-0.988806427, -0.693949163, -0.0620720647, 1.63820362, -0.0241653845, -0.698227406, 1.0588237]
    - [-1.0577594, -0.720560372, -0.0307556912, 1.62009919, -0.0309896041, -0.736701369, 1.10932708]
    - [-1.12681949, -0.746465921, 0, 1.60009634, -0.0379366353, -0.775128007, 1.15969443]
  cart_positions:
    - [-0.536424807, -0.226929709, 0.0552121037]
    - [-0.535272266, -0.252208399, 0.0655613074]
    - [-0.534119757, -0.278170156, 0.0777942553]
    - [-0.530459117, -0.30391745, 0.0899496502]
    - [-0.524746252, -0.329359619, 0.102258346]
    - [-0.517290238, -0.354444233, 0.114897527]
    - [-0.508304733, -0.379137627, 0.128008293]
    - [-0.497937359, -0.40341086, 0.141703431]
    - [-0.48628929, -0.427230598, 0.156071818]
    - [-0.473429655, -0.450553723, 0.171181456]
    - [-0.459406947, -0.473323914, 0.18708158]
    - [-0.444258323, -0.495470121, 0.203804047]
    - [-0.428017516, -0.516906737, 0.22136444]
    - [-0.410721567, -0.537535032, 0.239762924]
    - [-0.243301566, -0.65990189, 0.412373358]
    - [-0.076792408, -0.684067598, 0.595200503]
    - [0.0177889811, -0.656269997, 0.716131343]
    - [0.09006232, -0.677319071, 0.689108567]
    - [0.101778262, -0.683011714, 0.673797878]
    - [0.114976358, -0.688613359, 0.656208896]
    - [0.129707707, -0.693837641, 0.636369207]
    - [0.145974052, -0.698380096, 0.614310834]
    - [0.1637272, -0.70192142, 0.590075114]
    - [0.182870784, -0.704129154, 0.563726648]
    - [0.203262573, -0.70465984, 0.535372067]
    - [0.224717129, -0.703163106, 0.505184301]
    - [0.24701288, -0.699286887, 0.473435459]
    - [0.269909198, -0.692681039, 0.440543207]
    - [0.293181372, -0.682993387, 0.407141531]
    - [0.315424147, -0.671456624, 0.371822926]
  cart_dist:
    - 0.0273394816
    - 0.0287225808
    - 0.0287067336
    - 0.0288347893
    - 0.029061643
    - 0.0293665777
    - 0.0297359839
    - 0.0301580452
    - 0.0306208962
    - 0.0311116018
    - 0.0316160601
    - 0.0321194544
    - 0.0326064322
    - 0.269810069
    - 0.248465362
    - 0.156021192
    - 0.0799795554
    - 0.0201018848
    - 0.0226923144
    - 0.0252570442
    - 0.0277812668
    - 0.0302503553
    - 0.0326434066
    - 0.0349297588
    - 0.0370653455
    - 0.0389886466
    - 0.040617478
    - 0.0418463281
    - 0.04330406
