euroc_traj: 
  override: 0.412078
  time: 6.50284
  number_of_positions: 30
  joint_positions:
    - [-1.12681949, -0.746465921, 0, 1.60009634, -0.0379366353, -0.775128007, 1.15969443]
    - [-1.05876148, -0.714818239, -0.028691683, 1.61612046, -0.0323485732, -0.736062169, 1.10838759]
    - [-0.990642786, -0.683050394, -0.057940755, 1.63094079, -0.0267101433, -0.697050869, 1.0570538]
    - [-0.922605515, -0.650837898, -0.0865201354, 1.64698732, -0.0211303923, -0.657913148, 1.0056808]
    - [-0.854625463, -0.618195891, -0.114626475, 1.66386187, -0.0155939013, -0.618672132, 0.954271972]
    - [-0.786683798, -0.585155487, -0.14240624, 1.68127632, -0.0100891227, -0.579346061, 0.902832568]
    - [-0.718765855, -0.551757753, -0.169973806, 1.69901264, -0.0046067317, -0.539950371, 0.851368427]
    - [-0.650859356, -0.518049777, -0.197421089, 1.71689928, 0.000861019653, -0.500498354, 0.799885333]
    - [-0.582954466, -0.484081596, -0.224823415, 1.7347976, 0.00632059015, -0.461001724, 0.748388231]
    - [-0.515042901, -0.449903756, -0.252243727, 1.75259352, 0.0117773591, -0.421470821, 0.696881592]
    - [-0.447117865, -0.415566087, -0.279735446, 1.77019167, 0.0172358546, -0.381915003, 0.645368934]
    - [-0.379173964, -0.381116897, -0.307344258, 1.78751135, 0.0226999577, -0.342342943, 0.593853235]
    - [-0.311206758, -0.34660247, -0.335109144, 1.80448413, 0.0281730052, -0.302762628, 0.542336941]
    - [-0.243212759, -0.312066674, -0.363063246, 1.82105112, 0.0336578898, -0.263181448, 0.490821958]
    - [0.301940888, -0.0395071879, -0.595918655, 1.93426824, 0.0782066733, 0.0527331978, 0.0789110437]
    - [0.849526048, 0.21650283, -0.847565413, 2.00670552, 0.124337226, 0.365402818, -0.332292914]
    - [1.39952838, 0.449735701, -1.1166749, 2.03933358, 0.172273606, 0.672709346, -0.742337227]
    - [2.0897944, 0.717213631, -1.47443354, 2.03913856, 0.234915793, 1.04827476, -1.25274765]
    - [2.15893197, 0.743570864, -1.51167703, 2.03776002, 0.241356954, 1.08539116, -1.30368948]
    - [2.22807789, 0.77006948, -1.54927003, 2.03631949, 0.24783276, 1.12245226, -1.35462558]
    - [2.29722762, 0.796784997, -1.58725095, 2.03487682, 0.254344046, 1.15946734, -1.40556109]
    - [2.36637664, 0.823801637, -1.62566638, 2.0334971, 0.260891527, 1.19644725, -1.4565016]
    - [2.4355185, 0.851211071, -1.66456831, 2.03225327, 0.267475426, 1.23340428, -1.50745285]
    - [2.5046463, 0.879107475, -1.70400047, 2.03122687, 0.274095386, 1.27035236, -1.55842078]
    - [2.57375121, 0.907580376, -1.74397993, 2.03050971, 0.280748963, 1.30730844, -1.60941112]
    - [2.6428237, 0.936705291, -1.78447235, 2.03020978, 0.287429869, 1.34429431, -1.66042936]
    - [2.71185207, 0.966528058, -1.82535648, 2.03046036, 0.29412514, 1.38133943, -1.71148062]
    - [2.78082299, 0.997040987, -1.86636901, 2.03143549, 0.300810665, 1.4184854, -1.76256943]
    - [2.84972072, 1.0281415, -1.90701246, 2.03338218, 0.307444185, 1.45579481, -1.81369972]
    - [2.91864848, 1.06016457, -1.95000005, 2.03452635, 0.314255625, 1.49289405, -1.86483252]
  joint_inverted_positions:
    - [2.91864848, 1.06016457, -1.95000005, 2.03452635, 0.314255625, 1.49289405, -1.86483252]
    - [2.84972072, 1.0281415, -1.90701246, 2.03338218, 0.307444185, 1.45579481, -1.81369972]
    - [2.78082299, 0.997040987, -1.86636901, 2.03143549, 0.300810665, 1.4184854, -1.76256943]
    - [2.71185207, 0.966528058, -1.82535648, 2.03046036, 0.29412514, 1.38133943, -1.71148062]
    - [2.6428237, 0.936705291, -1.78447235, 2.03020978, 0.287429869, 1.34429431, -1.66042936]
    - [2.57375121, 0.907580376, -1.74397993, 2.03050971, 0.280748963, 1.30730844, -1.60941112]
    - [2.5046463, 0.879107475, -1.70400047, 2.03122687, 0.274095386, 1.27035236, -1.55842078]
    - [2.4355185, 0.851211071, -1.66456831, 2.03225327, 0.267475426, 1.23340428, -1.50745285]
    - [2.36637664, 0.823801637, -1.62566638, 2.0334971, 0.260891527, 1.19644725, -1.4565016]
    - [2.29722762, 0.796784997, -1.58725095, 2.03487682, 0.254344046, 1.15946734, -1.40556109]
    - [2.22807789, 0.77006948, -1.54927003, 2.03631949, 0.24783276, 1.12245226, -1.35462558]
    - [2.15893197, 0.743570864, -1.51167703, 2.03776002, 0.241356954, 1.08539116, -1.30368948]
    - [2.0897944, 0.717213631, -1.47443354, 2.03913856, 0.234915793, 1.04827476, -1.25274765]
    - [1.39952838, 0.449735701, -1.1166749, 2.03933358, 0.172273606, 0.672709346, -0.742337227]
    - [0.849526048, 0.21650283, -0.847565413, 2.00670552, 0.124337226, 0.365402818, -0.332292914]
    - [0.301940888, -0.0395071879, -0.595918655, 1.93426824, 0.0782066733, 0.0527331978, 0.0789110437]
    - [-0.243212759, -0.312066674, -0.363063246, 1.82105112, 0.0336578898, -0.263181448, 0.490821958]
    - [-0.311206758, -0.34660247, -0.335109144, 1.80448413, 0.0281730052, -0.302762628, 0.542336941]
    - [-0.379173964, -0.381116897, -0.307344258, 1.78751135, 0.0226999577, -0.342342943, 0.593853235]
    - [-0.447117865, -0.415566087, -0.279735446, 1.77019167, 0.0172358546, -0.381915003, 0.645368934]
    - [-0.515042901, -0.449903756, -0.252243727, 1.75259352, 0.0117773591, -0.421470821, 0.696881592]
    - [-0.582954466, -0.484081596, -0.224823415, 1.7347976, 0.00632059015, -0.461001724, 0.748388231]
    - [-0.650859356, -0.518049777, -0.197421089, 1.71689928, 0.000861019653, -0.500498354, 0.799885333]
    - [-0.718765855, -0.551757753, -0.169973806, 1.69901264, -0.0046067317, -0.539950371, 0.851368427]
    - [-0.786683798, -0.585155487, -0.14240624, 1.68127632, -0.0100891227, -0.579346061, 0.902832568]
    - [-0.854625463, -0.618195891, -0.114626475, 1.66386187, -0.0155939013, -0.618672132, 0.954271972]
    - [-0.922605515, -0.650837898, -0.0865201354, 1.64698732, -0.0211303923, -0.657913148, 1.0056808]
    - [-0.990642786, -0.683050394, -0.057940755, 1.63094079, -0.0267101433, -0.697050869, 1.0570538]
    - [-1.05876148, -0.714818239, -0.028691683, 1.61612046, -0.0323485732, -0.736062169, 1.10838759]
    - [-1.12681949, -0.746465921, 0, 1.60009634, -0.0379366353, -0.775128007, 1.15969443]
  cart_positions:
    - [-0.536424807, -0.226929709, 0.0552121037]
    - [-0.538884979, -0.254695686, 0.0702111235]
    - [-0.54024898, -0.283267013, 0.0867802294]
    - [-0.538912716, -0.312390547, 0.104244349]
    - [-0.535023795, -0.34179903, 0.122624509]
    - [-0.528683704, -0.371233389, 0.141918238]
    - [-0.51997744, -0.400438255, 0.16210551]
    - [-0.508990778, -0.429161516, 0.183152365]
    - [-0.495820795, -0.457155863, 0.205013487]
    - [-0.480582453, -0.484181272, 0.227633954]
    - [-0.463412408, -0.510008283, 0.250950247]
    - [-0.444470749, -0.53442178, 0.274890841]
    - [-0.423941133, -0.557225126, 0.299376638]
    - [-0.402029606, -0.578244265, 0.324321234]
    - [-0.206628509, -0.671374411, 0.527897456]
    - [-0.0601657222, -0.654988006, 0.694412137]
    - [-0.00146230865, -0.632684825, 0.766054665]
    - [0.0750626566, -0.684365362, 0.684763045]
    - [0.0892702082, -0.691023639, 0.666666866]
    - [0.10493409, -0.697072987, 0.646924026]
    - [0.122006497, -0.702264721, 0.625576686]
    - [0.140403043, -0.706352165, 0.602663057]
    - [0.160004479, -0.709092446, 0.578218725]
    - [0.180661764, -0.710245405, 0.552285766]
    - [0.20220228, -0.709571572, 0.524925614]
    - [0.224436824, -0.706830111, 0.496236237]
    - [0.247170303, -0.701775743, 0.466376482]
    - [0.270219498, -0.694153278, 0.435600856]
    - [0.293444446, -0.683685337, 0.404313959]
    - [0.315424147, -0.671456624, 0.371822926]
  cart_dist:
    - 0.0316539469
    - 0.0330562696
    - 0.0339847135
    - 0.0348971668
    - 0.0357606912
    - 0.0365547378
    - 0.0372653049
    - 0.0378819226
    - 0.0383961746
    - 0.0388006989
    - 0.0390891013
    - 0.0392557133
    - 0.0392957076
    - 0.297149963
    - 0.2223668
    - 0.0952689764
    - 0.123025477
    - 0.0239511816
    - 0.0259177883
    - 0.0278232039
    - 0.0296677523
    - 0.0314523794
    - 0.033174841
    - 0.0348285354
    - 0.03640015
    - 0.0378676984
    - 0.0391983135
    - 0.0403465768
    - 0.0410891186
